 0.000000e+00  0.000000e+00  0.000000e+00  0.000000e+00  0.000000e+00  0.000000e+00  0.000000e+00  0.000000e+00  0.000000e+00 -5.641977e-32  0.000000e+00  9.783257e-17  0.000000e+00 -9.783257e-17  0.000000e+00  1.813636e-30  0.000000e+00 -1.927560e-30  0.000000e+00  7.396200e-31  0.000000e+00 -1.418746e-30  0.000000e+00  2.268874e-16  0.000000e+00 -7.562662e-21  0.000000e+00  0.000000e+00  0.000000e+00 -2.268874e-16  0.000000e+00  0.000000e+00  0.000000e+00  0.000000e+00  0.000000e+00  2.411028e-19 
 1.000000e-01  2.411028e-20  1.000000e-01 -1.000750e-13  1.000000e-01  0.000000e+00  1.000000e-01  1.000750e-13  1.000000e-01  9.804615e-17  1.000000e-01  9.783257e-17  1.000000e-01 -1.958787e-16  1.000000e-01  1.825127e-32  1.000000e-01 -1.054365e-30  1.000000e-01  1.397356e-30  1.000000e-01 -1.072296e-32  1.000000e-01  2.268874e-16  1.000000e-01 -7.562662e-21  1.000000e-01 -1.000190e-13  1.000000e-01 -2.268874e-16  1.000000e-01  0.000000e+00  1.000000e-01  2.468214e-19  1.000000e-01  1.549423e-20 
 2.000000e-01  8.402901e-21  2.000000e-01 -2.000194e-13  2.000000e-01  0.000000e+00  2.000000e-01  2.000194e-13  2.000000e-01  1.930488e-16  2.000000e-01  9.783257e-17  2.000000e-01 -2.908814e-16  2.000000e-01  1.708548e-33  2.000000e-01 -1.053838e-30  2.000000e-01  1.391624e-30  2.000000e-01  7.400313e-34  2.000000e-01  2.268874e-16  2.000000e-01 -7.562662e-21  2.000000e-01 -2.000194e-13  2.000000e-01 -2.268874e-16  2.000000e-01  0.000000e+00  2.000000e-01  2.915071e-19  2.000000e-01  1.162989e-20 
 3.000000e-01  9.518003e-21  3.000000e-01 -3.000194e-13  3.000000e-01  0.000000e+00  3.000000e-01  3.000194e-13  3.000000e-01  2.853471e-16  3.000000e-01  9.783257e-17  3.000000e-01 -3.831796e-16  3.000000e-01 -6.882992e-34  3.000000e-01 -1.045708e-30  3.000000e-01  1.380397e-30  3.000000e-01  2.375627e-33  3.000000e-01  2.268874e-16  3.000000e-01 -7.562662e-21  3.000000e-01 -3.000194e-13  3.000000e-01 -2.268874e-16  3.000000e-01  0.000000e+00  3.000000e-01  3.301913e-19  3.000000e-01  1.080324e-20 
 4.000000e-01  1.057871e-20  4.000000e-01 -4.000194e-13  4.000000e-01  0.000000e+00  4.000000e-01  4.000194e-13  4.000000e-01  3.752191e-16  4.000000e-01  9.783257e-17  4.000000e-01 -4.730517e-16  4.000000e-01 -1.417565e-33  4.000000e-01 -1.036129e-30  4.000000e-01  1.367841e-30  4.000000e-01  2.877323e-33  4.000000e-01  2.268874e-16  4.000000e-01 -7.562662e-21  4.000000e-01 -4.000194e-13  4.000000e-01 -2.268874e-16  4.000000e-01  0.000000e+00  4.000000e-01  3.669884e-19  4.000000e-01  1.045708e-20 
 5.000000e-01  1.161587e-20  5.000000e-01 -5.000194e-13  5.000000e-01  0.000000e+00  5.000000e-01  5.000194e-13  5.000000e-01  4.628970e-16  5.000000e-01  9.783257e-17  5.000000e-01 -5.607295e-16  5.000000e-01 -1.706764e-33  5.000000e-01 -1.075349e-30  5.000000e-01  1.404051e-30  5.000000e-01  3.083061e-33  5.000000e-01  2.268874e-16  5.000000e-01 -7.562662e-21  5.000000e-01 -5.000194e-13  5.000000e-01 -2.268874e-16  5.000000e-01  0.000000e+00  5.000000e-01  4.029691e-19  5.000000e-01  1.030913e-20 
 6.000000e-01  1.264398e-20  6.000000e-01 -6.000194e-13  6.000000e-01  0.000000e+00  6.000000e-01  6.000194e-13  6.000000e-01  5.485764e-16  6.000000e-01  9.783257e-17  6.000000e-01 -6.464090e-16  6.000000e-01 -1.848250e-33  6.000000e-01 -1.065016e-30  6.000000e-01  1.390671e-30  6.000000e-01  3.190081e-33  6.000000e-01  2.268874e-16  6.000000e-01 -7.562662e-21  6.000000e-01 -6.000194e-13  6.000000e-01 -2.268874e-16  6.000000e-01  0.000000e+00  6.000000e-01  4.386353e-19  6.000000e-01  1.026599e-20 
 7.000000e-01  1.367113e-20  7.000000e-01 -7.000194e-13  7.000000e-01  0.000000e+00  7.000000e-01  7.000194e-13  7.000000e-01  6.324248e-16  7.000000e-01  9.783257e-17  7.000000e-01 -7.302573e-16  7.000000e-01 -1.924165e-33  7.000000e-01 -1.054525e-30  7.000000e-01  1.377019e-30  7.000000e-01  3.253523e-33  7.000000e-01  2.268874e-16  7.000000e-01 -7.562662e-21  7.000000e-01 -7.000194e-13  7.000000e-01 -2.268874e-16  7.000000e-01  0.000000e+00  7.000000e-01  4.742685e-19  7.000000e-01  1.028520e-20 
 8.000000e-01  1.470234e-20  8.000000e-01 -8.000194e-13  8.000000e-01  0.000000e+00  8.000000e-01  8.000194e-13  8.000000e-01  7.145863e-16  8.000000e-01  9.783257e-17  8.000000e-01 -8.124189e-16  8.000000e-01 -1.978073e-33  8.000000e-01 -1.093219e-30  8.000000e-01  1.412610e-30  8.000000e-01  3.302395e-33  8.000000e-01  2.268874e-16  8.000000e-01 -7.562662e-21  8.000000e-01 -8.000194e-13  8.000000e-01 -2.268874e-16  8.000000e-01  0.000000e+00  8.000000e-01  5.100425e-19  8.000000e-01  1.034446e-20 
 9.000000e-01  1.574093e-20  9.000000e-01 -9.000194e-13  9.000000e-01  0.000000e+00  9.000000e-01  9.000194e-13  9.000000e-01  7.951867e-16  9.000000e-01  9.783257e-17  9.000000e-01 -8.930193e-16  9.000000e-01 -2.016566e-33  9.000000e-01 -1.082510e-30  9.000000e-01  1.448076e-30  9.000000e-01  3.341127e-33  9.000000e-01  2.268874e-16  9.000000e-01 -7.562662e-21  9.000000e-01 -9.000194e-13  9.000000e-01 -2.268874e-16  9.000000e-01  0.000000e+00  9.000000e-01  5.460723e-19  9.000000e-01  1.043104e-20 
 1.000000e+00  1.678922e-20  1.000000e+00 -1.000019e-12  1.000000e+00  0.000000e+00  1.000000e+00  1.000019e-12  1.000000e+00  8.743360e-16  1.000000e+00  9.783257e-17  1.000000e+00 -9.721686e-16  1.000000e+00 -2.046438e-33  1.000000e+00 -1.071712e-30  1.000000e+00  1.434128e-30  1.000000e+00  3.374237e-33  1.000000e+00  2.268874e-16  1.000000e+00 -7.562662e-21  1.000000e+00 -1.000019e-12  1.000000e+00 -2.268874e-16  1.000000e+00  0.000000e+00  1.000000e+00  5.824389e-19  1.000000e+00  1.053788e-20 
 0.000000e+00  0.000000e+00  0.000000e+00  0.000000e+00  0.000000e+00  0.000000e+00  0.000000e+00  0.000000e+00  0.000000e+00 -1.775883e-30  0.000000e+00  1.191570e-16  0.000000e+00 -1.191570e-16  0.000000e+00  5.901540e-29  0.000000e+00 -6.159686e-29  0.000000e+00  2.191646e-29  0.000000e+00 -4.615582e-29  0.000000e+00  2.010788e-16  0.000000e+00 -6.702405e-21  0.000000e+00  0.000000e+00  0.000000e+00 -2.010788e-16  0.000000e+00  0.000000e+00  0.000000e+00  0.000000e+00  0.000000e+00  7.741470e-18 
 1.000000e-01  7.741470e-19  1.000000e-01 -1.000758e-13  1.000000e-01  0.000000e+00  1.000000e-01  1.000750e-13  1.000000e-01  9.804615e-17  1.000000e-01  1.191570e-16  1.000000e-01 -2.172031e-16  1.000000e-01  5.998974e-31  1.000000e-01 -3.458112e-29  1.000000e-01  4.485303e-29  1.000000e-01 -3.444800e-31  1.000000e-01  2.010788e-16  1.000000e-01 -6.702405e-21  1.000000e-01 -1.000190e-13  1.000000e-01 -2.010788e-16  1.000000e-01  0.000000e+00  1.000000e-01  7.925085e-18  1.000000e-01  4.974979e-19 
 2.000000e-01  2.698053e-19  2.000000e-01 -2.000197e-13  2.000000e-01  0.000000e+00  2.000000e-01  2.000194e-13  2.000000e-01  1.930488e-16  2.000000e-01  1.191570e-16  2.000000e-01 -3.122058e-16  2.000000e-01  5.819086e-32  2.000000e-01 -3.377533e-29  2.000000e-01  4.432015e-29  2.000000e-01  3.084575e-32  2.000000e-01  2.010788e-16  2.000000e-01 -6.702405e-21  2.000000e-01 -2.000194e-13  2.000000e-01 -2.010788e-16  2.000000e-01  0.000000e+00  2.000000e-01  9.359878e-18  2.000000e-01  3.734194e-19 
 3.000000e-01  3.056097e-19  3.000000e-01 -3.000197e-13  3.000000e-01  0.000000e+00  3.000000e-01  3.000194e-13  3.000000e-01  2.853471e-16  3.000000e-01  1.191570e-16  3.000000e-01 -4.045040e-16  3.000000e-01 -2.240054e-32  3.000000e-01 -3.376081e-29  3.000000e-01  4.435688e-29  3.000000e-01  8.583927e-32  3.000000e-01  2.010788e-16  3.000000e-01 -6.702405e-21  3.000000e-01 -3.000194e-13  3.000000e-01 -2.010788e-16  3.000000e-01  0.000000e+00  3.000000e-01  1.060198e-17  3.000000e-01  3.468768e-19 
 4.000000e-01  3.396674e-19  4.000000e-01 -4.000197e-13  4.000000e-01  0.000000e+00  4.000000e-01  4.000194e-13  4.000000e-01  3.752191e-16  4.000000e-01  1.191570e-16  4.000000e-01 -4.943761e-16  4.000000e-01 -4.553380e-32  4.000000e-01 -3.387232e-29  4.000000e-01  4.452212e-29  4.000000e-01  1.018100e-31  4.000000e-01  2.010788e-16  4.000000e-01 -6.702405e-21  4.000000e-01 -4.000194e-13  4.000000e-01 -2.010788e-16  4.000000e-01  0.000000e+00  4.000000e-01  1.178348e-17  4.000000e-01  3.357622e-19 
 5.000000e-01  3.729694e-19  5.000000e-01 -5.000198e-13  5.000000e-01  0.000000e+00  5.000000e-01  5.000194e-13  5.000000e-01  4.628970e-16  5.000000e-01  1.191570e-16  5.000000e-01 -5.820540e-16  5.000000e-01 -5.474952e-32  5.000000e-01 -3.404159e-29  5.000000e-01  4.474406e-29  5.000000e-01  1.084263e-31  5.000000e-01  2.010788e-16  5.000000e-01 -6.702405e-21  5.000000e-01 -5.000194e-13  5.000000e-01 -2.010788e-16  5.000000e-01  0.000000e+00  5.000000e-01  1.293877e-17  5.000000e-01  3.310117e-19 
 6.000000e-01  4.059803e-19  6.000000e-01 -6.000198e-13  6.000000e-01  0.000000e+00  6.000000e-01  6.000194e-13  6.000000e-01  5.485764e-16  6.000000e-01  1.191570e-16  6.000000e-01 -6.677334e-16  6.000000e-01 -5.927788e-32  6.000000e-01 -3.425214e-29  6.000000e-01  4.505547e-29  6.000000e-01  1.119126e-31  6.000000e-01  2.010788e-16  6.000000e-01 -6.702405e-21  6.000000e-01 -6.000194e-13  6.000000e-01 -2.010788e-16  6.000000e-01  0.000000e+00  6.000000e-01  1.408396e-17  6.000000e-01  3.296264e-19 
 7.000000e-01  4.389607e-19  7.000000e-01 -7.000198e-13  7.000000e-01  0.000000e+00  7.000000e-01  7.000194e-13  7.000000e-01  6.324248e-16  7.000000e-01  1.191570e-16  7.000000e-01 -7.515817e-16  7.000000e-01 -6.187581e-32  7.000000e-01 -3.445763e-29  7.000000e-01  4.531156e-29  7.000000e-01  1.141168e-31  7.000000e-01  2.010788e-16  7.000000e-01 -6.702405e-21  7.000000e-01 -7.000194e-13  7.000000e-01 -2.010788e-16  7.000000e-01  0.000000e+00  7.000000e-01  1.522809e-17  7.000000e-01  3.302434e-19 
 8.000000e-01  4.720715e-19  8.000000e-01 -8.000199e-13  8.000000e-01  0.000000e+00  8.000000e-01  8.000194e-13  8.000000e-01  7.145863e-16  8.000000e-01  1.191570e-16  8.000000e-01 -8.337433e-16  8.000000e-01 -6.356257e-32  8.000000e-01 -3.468397e-29  8.000000e-01  4.558766e-29  8.000000e-01  1.157192e-31  8.000000e-01  2.010788e-16  8.000000e-01 -6.702405e-21  8.000000e-01 -8.000194e-13  8.000000e-01 -2.010788e-16  8.000000e-01  0.000000e+00  8.000000e-01  1.637674e-17  8.000000e-01  3.321460e-19 
 9.000000e-01  5.054190e-19  9.000000e-01 -9.000199e-13  9.000000e-01  0.000000e+00  9.000000e-01  9.000194e-13  9.000000e-01  7.951867e-16  9.000000e-01  1.191570e-16  9.000000e-01 -9.143437e-16  9.000000e-01 -6.477470e-32  9.000000e-01 -3.490711e-29  9.000000e-01  4.588446e-29  9.000000e-01  1.170104e-31  9.000000e-01  2.010788e-16  9.000000e-01 -6.702405e-21  9.000000e-01 -9.000194e-13  9.000000e-01 -2.010788e-16  9.000000e-01  0.000000e+00  9.000000e-01  1.753361e-17  9.000000e-01  3.349261e-19 
 1.000000e+00  5.390783e-19  1.000000e+00 -1.000020e-12  1.000000e+00  0.000000e+00  1.000000e+00  1.000019e-12  1.000000e+00  8.743360e-16  1.000000e+00  1.191570e-16  1.000000e+00 -9.934930e-16  1.000000e+00 -6.571879e-32  1.000000e+00 -3.512738e-29  1.000000e+00  4.615294e-29  1.000000e+00  1.181275e-31  1.000000e+00  2.010788e-16  1.000000e+00 -6.702405e-21  1.000000e+00 -1.000019e-12  1.000000e+00 -2.010788e-16  1.000000e+00  0.000000e+00  1.000000e+00  1.870129e-17  1.000000e+00  3.383565e-19 
 0.000000e+00  0.000000e+00  0.000000e+00  0.000000e+00  0.000000e+00  0.000000e+00  0.000000e+00  0.000000e+00  0.000000e+00 -5.701047e-29  0.000000e+00  1.382787e-16  0.000000e+00 -1.382787e-16  0.000000e+00  1.896371e-27  0.000000e+00 -1.977525e-27  0.000000e+00  6.897012e-28  0.000000e+00 -1.482924e-27  0.000000e+00  1.822561e-16  0.000000e+00 -6.075001e-21  0.000000e+00  0.000000e+00  0.000000e+00 -1.822561e-16  0.000000e+00  0.000000e+00  0.000000e+00  0.000000e+00  0.000000e+00  2.485671e-16 
 1.000000e-01  2.485671e-17  1.000000e-01 -1.000999e-13  1.000000e-01  0.000000e+00  1.000000e-01  1.000750e-13  1.000000e-01  9.804615e-17  1.000000e-01  1.382787e-16  1.000000e-01 -2.363249e-16  1.000000e-01  1.925286e-29  1.000000e-01 -1.110454e-27  1.000000e-01  1.433097e-27  1.000000e-01 -1.082966e-29  1.000000e-01  1.822561e-16  1.000000e-01 -6.075002e-21  1.000000e-01 -1.000190e-13  1.000000e-01 -1.822561e-16  1.000000e-01  0.000000e+00  1.000000e-01  2.544623e-16  1.000000e-01  1.597392e-17 
 2.000000e-01  8.663048e-18  2.000000e-01 -2.000281e-13  2.000000e-01  0.000000e+00  2.000000e-01  2.000194e-13  2.000000e-01  1.930488e-16  2.000000e-01  1.382787e-16  2.000000e-01 -3.313276e-16  2.000000e-01  1.866762e-30  2.000000e-01 -1.084617e-27  2.000000e-01  1.416253e-27  2.000000e-01  1.217836e-30  2.000000e-01  1.822561e-16  2.000000e-01 -6.075002e-21  2.000000e-01 -2.000194e-13  2.000000e-01 -1.822561e-16  2.000000e-01  0.000000e+00  2.000000e-01  3.005313e-16  2.000000e-01  1.198994e-17 
 3.000000e-01  9.812672e-18  3.000000e-01 -3.000292e-13  3.000000e-01  0.000000e+00  3.000000e-01  3.000194e-13  3.000000e-01  2.853471e-16  3.000000e-01  1.382787e-16  3.000000e-01 -4.236258e-16  3.000000e-01 -7.197209e-31  3.000000e-01 -1.083681e-27  3.000000e-01  1.417367e-27  3.000000e-01  2.984272e-30  3.000000e-01  1.822561e-16  3.000000e-01 -6.075002e-21  3.000000e-01 -3.000194e-13  3.000000e-01 -1.822561e-16  3.000000e-01  0.000000e+00  3.000000e-01  3.404132e-16  3.000000e-01  1.113770e-17 
 4.000000e-01  1.090621e-17  4.000000e-01 -4.000303e-13  4.000000e-01  0.000000e+00  4.000000e-01  4.000194e-13  4.000000e-01  3.752191e-16  4.000000e-01  1.382787e-16  4.000000e-01 -5.134979e-16  4.000000e-01 -1.462175e-30  4.000000e-01 -1.087684e-27  4.000000e-01  1.423141e-27  4.000000e-01  3.498359e-30  4.000000e-01  1.822561e-16  4.000000e-01 -6.075002e-21  4.000000e-01 -4.000194e-13  4.000000e-01 -1.822561e-16  4.000000e-01  0.000000e+00  4.000000e-01  3.783494e-16  4.000000e-01  1.078082e-17 
 5.000000e-01  1.197549e-17  5.000000e-01 -5.000314e-13  5.000000e-01  0.000000e+00  5.000000e-01  5.000194e-13  5.000000e-01  4.628970e-16  5.000000e-01  1.382787e-16  5.000000e-01 -6.011757e-16  5.000000e-01 -1.757975e-30  5.000000e-01 -1.093337e-27  5.000000e-01  1.430606e-27  5.000000e-01  3.712248e-30  5.000000e-01  1.822561e-16  5.000000e-01 -6.075002e-21  5.000000e-01 -5.000194e-13  5.000000e-01 -1.822561e-16  5.000000e-01  0.000000e+00  5.000000e-01  4.154439e-16  5.000000e-01  1.062829e-17 
 6.000000e-01  1.303542e-17  6.000000e-01 -6.000324e-13  6.000000e-01  0.000000e+00  6.000000e-01  6.000194e-13  6.000000e-01  5.485764e-16  6.000000e-01  1.382787e-16  6.000000e-01 -6.868551e-16  6.000000e-01 -1.903321e-30  6.000000e-01 -1.099718e-27  6.000000e-01  1.438889e-27  6.000000e-01  3.825687e-30  6.000000e-01  1.822561e-16  6.000000e-01 -6.075002e-21  6.000000e-01 -6.000194e-13  6.000000e-01 -1.822561e-16  6.000000e-01  0.000000e+00  6.000000e-01  4.522142e-16  6.000000e-01  1.058381e-17 
 7.000000e-01  1.409438e-17  7.000000e-01 -7.000335e-13  7.000000e-01  0.000000e+00  7.000000e-01  7.000194e-13  7.000000e-01  6.324248e-16  7.000000e-01  1.382787e-16  7.000000e-01 -7.707035e-16  7.000000e-01 -1.986713e-30  7.000000e-01 -1.106479e-27  7.000000e-01  1.447621e-27  7.000000e-01  3.897990e-30  7.000000e-01  1.822561e-16  7.000000e-01 -6.075002e-21  7.000000e-01 -7.000194e-13  7.000000e-01 -1.822561e-16  7.000000e-01  0.000000e+00  7.000000e-01  4.889505e-16  7.000000e-01  1.060362e-17 
 8.000000e-01  1.515751e-17  8.000000e-01 -8.000346e-13  8.000000e-01  0.000000e+00  8.000000e-01  8.000194e-13  8.000000e-01  7.145863e-16  8.000000e-01  1.382787e-16  8.000000e-01 -8.528651e-16  8.000000e-01 -2.040859e-30  8.000000e-01 -1.113463e-27  8.000000e-01  1.456574e-27  8.000000e-01  3.950988e-30  8.000000e-01  1.822561e-16  8.000000e-01 -6.075002e-21  8.000000e-01 -8.000194e-13  8.000000e-01 -1.822561e-16  8.000000e-01  0.000000e+00  8.000000e-01  5.258320e-16  8.000000e-01  1.066471e-17 
 9.000000e-01  1.622825e-17  9.000000e-01 -9.000356e-13  9.000000e-01  0.000000e+00  9.000000e-01  9.000194e-13  9.000000e-01  7.951867e-16  9.000000e-01  1.382787e-16  9.000000e-01 -9.334654e-16  9.000000e-01 -2.079775e-30  9.000000e-01 -1.120615e-27  9.000000e-01  1.465770e-27  9.000000e-01  3.994011e-30  9.000000e-01  1.822561e-16  9.000000e-01 -6.075002e-21  9.000000e-01 -9.000194e-13  9.000000e-01 -1.822561e-16  9.000000e-01  0.000000e+00  9.000000e-01  5.629772e-16  9.000000e-01  1.075398e-17 
 1.000000e+00  1.730900e-17  1.000000e+00 -1.000037e-12  1.000000e+00  0.000000e+00  1.000000e+00  1.000019e-12  1.000000e+00  8.743360e-16  1.000000e+00  1.382787e-16  1.000000e+00 -1.012615e-15  1.000000e+00 -2.110145e-30  1.000000e+00 -1.127897e-27  1.000000e+00  1.475123e-27  1.000000e+00  4.031495e-30  1.000000e+00  1.822561e-16  1.000000e+00 -6.075002e-21  1.000000e+00 -1.000019e-12  1.000000e+00 -1.822561e-16  1.000000e+00  0.000000e+00  1.000000e+00  6.004696e-16  1.000000e+00  1.086412e-17 
 0.000000e+00  0.000000e+00  0.000000e+00  0.000000e+00  0.000000e+00  0.000000e+00  0.000000e+00  0.000000e+00  0.000000e+00 -1.830302e-27  0.000000e+00  1.557533e-16  0.000000e+00 -1.557533e-16  0.000000e+00  6.088883e-26  0.000000e+00 -6.349564e-26  0.000000e+00  2.175651e-26  0.000000e+00 -4.760819e-26  0.000000e+00  1.678227e-16  0.000000e+00 -5.593972e-21  0.000000e+00  0.000000e+00  0.000000e+00 -1.678227e-16  0.000000e+00  0.000000e+00  0.000000e+00  0.000000e+00  0.000000e+00  7.981011e-15 
 1.000000e-01  7.981011e-16  1.000000e-01 -1.008731e-13  1.000000e-01  0.000000e+00  1.000000e-01  1.000750e-13  1.000000e-01  9.804615e-17  1.000000e-01  1.557533e-16  1.000000e-01 -2.537995e-16  1.000000e-01  6.181842e-28  1.000000e-01 -3.565514e-26  1.000000e-01  4.579482e-26  1.000000e-01 -3.420249e-28  1.000000e-01  1.678227e-16  1.000000e-01 -5.593993e-21  1.000000e-01 -1.000190e-13  1.000000e-01 -1.678227e-16  1.000000e-01  0.000000e+00  1.000000e-01  8.170226e-15  1.000000e-01  5.128916e-16 
 2.000000e-01  2.781537e-16  2.000000e-01 -2.002975e-13  2.000000e-01  0.000000e+00  2.000000e-01  2.000194e-13  2.000000e-01  1.930488e-16  2.000000e-01  1.557533e-16  2.000000e-01 -3.488021e-16  2.000000e-01  5.994189e-29  2.000000e-01 -3.482588e-26  2.000000e-01  4.526036e-26  2.000000e-01  4.484054e-29  2.000000e-01  1.678227e-16  2.000000e-01 -5.593993e-21  2.000000e-01 -2.000194e-13  2.000000e-01 -1.678227e-16  2.000000e-01  0.000000e+00  2.000000e-01  9.649400e-15  2.000000e-01  3.849737e-16 
 3.000000e-01  3.150659e-16  3.000000e-01 -3.003345e-13  3.000000e-01  0.000000e+00  3.000000e-01  3.000194e-13  3.000000e-01  2.853471e-16  3.000000e-01  1.557533e-16  3.000000e-01 -4.411004e-16  3.000000e-01 -2.310899e-29  3.000000e-01 -3.479551e-26  3.000000e-01  4.529578e-26  3.000000e-01  1.015982e-28  3.000000e-01  1.678227e-16  3.000000e-01 -5.593993e-21  3.000000e-01 -3.000194e-13  3.000000e-01 -1.678227e-16  3.000000e-01  0.000000e+00  3.000000e-01  1.092992e-14  3.000000e-01  3.576098e-16 
 4.000000e-01  3.501774e-16  4.000000e-01 -4.003696e-13  4.000000e-01  0.000000e+00  4.000000e-01  4.000194e-13  4.000000e-01  3.752191e-16  4.000000e-01  1.557533e-16  4.000000e-01 -5.309725e-16  4.000000e-01 -4.694853e-29  4.000000e-01 -3.492405e-26  4.000000e-01  4.547985e-26  4.000000e-01  1.181435e-28  4.000000e-01  1.678227e-16  4.000000e-01 -5.593994e-21  4.000000e-01 -4.000194e-13  4.000000e-01 -1.678227e-16  4.000000e-01  0.000000e+00  4.000000e-01  1.214797e-14  4.000000e-01  3.461512e-16 
 5.000000e-01  3.845099e-16  5.000000e-01 -5.004039e-13  5.000000e-01  0.000000e+00  5.000000e-01  5.000194e-13  5.000000e-01  4.628970e-16  5.000000e-01  1.557533e-16  5.000000e-01 -6.186503e-16  5.000000e-01 -5.644589e-29  5.000000e-01 -3.510555e-26  5.000000e-01  4.571881e-26  5.000000e-01  1.250497e-28  5.000000e-01  1.678227e-16  5.000000e-01 -5.593994e-21  5.000000e-01 -5.000194e-13  5.000000e-01 -1.678227e-16  5.000000e-01  0.000000e+00  5.000000e-01  1.333899e-14  5.000000e-01  3.412537e-16 
 6.000000e-01  4.185422e-16  6.000000e-01 -6.004379e-13  6.000000e-01  0.000000e+00  6.000000e-01  6.000194e-13  6.000000e-01  5.485764e-16  6.000000e-01  1.557533e-16  6.000000e-01 -7.043297e-16  6.000000e-01 -6.111289e-29  6.000000e-01 -3.531030e-26  6.000000e-01  4.598328e-26  6.000000e-01  1.287311e-28  6.000000e-01  1.678227e-16  6.000000e-01 -5.593995e-21  6.000000e-01 -6.000194e-13  6.000000e-01 -1.678227e-16  6.000000e-01  0.000000e+00  6.000000e-01  1.451960e-14  6.000000e-01  3.398254e-16 
 7.000000e-01  4.525431e-16  7.000000e-01 -7.004719e-13  7.000000e-01  0.000000e+00  7.000000e-01  7.000194e-13  7.000000e-01  6.324248e-16  7.000000e-01  1.557533e-16  7.000000e-01 -7.881781e-16  7.000000e-01 -6.379055e-29  7.000000e-01 -3.552732e-26  7.000000e-01  4.626169e-26  7.000000e-01  1.310919e-28  7.000000e-01  1.678227e-16  7.000000e-01 -5.593995e-21  7.000000e-01 -7.000194e-13  7.000000e-01 -1.678227e-16  7.000000e-01  0.000000e+00  7.000000e-01  1.569912e-14  7.000000e-01  3.404615e-16 
 8.000000e-01  4.866784e-16  8.000000e-01 -8.005061e-13  8.000000e-01  0.000000e+00  8.000000e-01  8.000194e-13  8.000000e-01  7.145863e-16  8.000000e-01  1.557533e-16  8.000000e-01 -8.703396e-16  8.000000e-01 -6.552920e-29  8.000000e-01 -3.575184e-26  8.000000e-01  4.654890e-26  8.000000e-01  1.328332e-28  8.000000e-01  1.678227e-16  8.000000e-01 -5.593996e-21  8.000000e-01 -8.000194e-13  8.000000e-01 -1.678227e-16  8.000000e-01  0.000000e+00  8.000000e-01  1.688330e-14  8.000000e-01  3.424229e-16 
 9.000000e-01  5.210576e-16  9.000000e-01 -9.005405e-13  9.000000e-01  0.000000e+00  9.000000e-01  9.000194e-13  9.000000e-01  7.951867e-16  9.000000e-01  1.557533e-16  9.000000e-01 -9.509400e-16  9.000000e-01 -6.677871e-29  9.000000e-01 -3.598144e-26  9.000000e-01  4.684215e-26  9.000000e-01  1.342543e-28  9.000000e-01  1.678227e-16  9.000000e-01 -5.593997e-21  9.000000e-01 -9.000194e-13  9.000000e-01 -1.678227e-16  9.000000e-01  0.000000e+00  9.000000e-01  1.807595e-14  9.000000e-01  3.452890e-16 
 1.000000e+00  5.557583e-16  1.000000e+00 -1.000575e-12  1.000000e+00  0.000000e+00  1.000000e+00  1.000019e-12  1.000000e+00  8.743360e-16  1.000000e+00  1.557533e-16  1.000000e+00 -1.030089e-15  1.000000e+00 -6.775382e-29  1.000000e+00 -3.621486e-26  1.000000e+00  4.714000e-26  1.000000e+00  1.354979e-28  1.000000e+00  1.678227e-16  1.000000e+00 -5.593997e-21  1.000000e+00 -1.000019e-12  1.000000e+00 -1.678227e-16  1.000000e+00  0.000000e+00  1.000000e+00  1.927975e-14  1.000000e+00  3.488255e-16 
 0.000000e+00  0.000000e+00  0.000000e+00  0.000000e+00  0.000000e+00  0.000000e+00  0.000000e+00  0.000000e+00  0.000000e+00 -5.876865e-26  0.000000e+00  1.719406e-16  0.000000e+00 -1.719406e-16  0.000000e+00  1.955055e-24  0.000000e+00 -2.038757e-24  0.000000e+00  6.860295e-25  0.000000e+00 -1.528484e-24  0.000000e+00  1.563282e-16  0.000000e+00 -5.213034e-21  0.000000e+00  0.000000e+00  0.000000e+00 -1.563282e-16  0.000000e+00  0.000000e+00  0.000000e+00  0.000000e+00  0.000000e+00  2.562350e-13 
 1.000000e-01  2.562350e-14  1.000000e-01 -1.256985e-13  1.000000e-01  0.000000e+00  1.000000e-01  1.000750e-13  1.000000e-01  9.804615e-17  1.000000e-01  1.719406e-16  1.000000e-01 -2.699868e-16  1.000000e-01  1.984903e-26  1.000000e-01 -1.144837e-24  1.000000e-01  1.463364e-24  1.000000e-01 -1.083288e-26  1.000000e-01  1.563282e-16  1.000000e-01 -5.213698e-21  1.000000e-01 -1.000190e-13  1.000000e-01 -1.563282e-16  1.000000e-01  0.000000e+00  1.000000e-01  2.622973e-13  1.000000e-01  1.646665e-14 
 2.000000e-01  8.930281e-15  2.000000e-01 -2.089497e-13  2.000000e-01  0.000000e+00  2.000000e-01  2.000194e-13  2.000000e-01  1.930488e-16  2.000000e-01  1.719406e-16  2.000000e-01 -3.649894e-16  2.000000e-01  1.924648e-27  2.000000e-01 -1.118211e-24  2.000000e-01  1.446367e-24  2.000000e-01  1.589817e-27  2.000000e-01  1.563282e-16  2.000000e-01 -5.213700e-21  2.000000e-01 -2.000194e-13  2.000000e-01 -1.563282e-16  2.000000e-01  0.000000e+00  2.000000e-01  3.097846e-13  2.000000e-01  1.235977e-14 
 3.000000e-01  1.011536e-14  3.000000e-01 -3.101348e-13  3.000000e-01  0.000000e+00  3.000000e-01  3.000194e-13  3.000000e-01  2.853471e-16  3.000000e-01  1.719406e-16  3.000000e-01 -4.572877e-16  3.000000e-01 -7.419985e-28  3.000000e-01 -1.117235e-24  3.000000e-01  1.447511e-24  3.000000e-01  3.413225e-27  3.000000e-01  1.563282e-16  3.000000e-01 -5.213713e-21  3.000000e-01 -3.000194e-13  3.000000e-01 -1.563282e-16  3.000000e-01  0.000000e+00  3.000000e-01  3.508942e-13  3.000000e-01  1.148123e-14 
 4.000000e-01  1.124263e-14  4.000000e-01 -4.112620e-13  4.000000e-01  0.000000e+00  4.000000e-01  4.000194e-13  4.000000e-01  3.752191e-16  4.000000e-01  1.719406e-16  4.000000e-01 -5.471598e-16  4.000000e-01 -1.507452e-27  4.000000e-01 -1.121363e-24  4.000000e-01  1.453396e-24  4.000000e-01  3.945477e-27  4.000000e-01  1.563282e-16  4.000000e-01 -5.213730e-21  4.000000e-01 -4.000194e-13  4.000000e-01 -1.563282e-16  4.000000e-01  0.000000e+00  4.000000e-01  3.899983e-13  4.000000e-01  1.111333e-14 
 5.000000e-01  1.234489e-14  5.000000e-01 -5.123643e-13  5.000000e-01  0.000000e+00  5.000000e-01  5.000194e-13  5.000000e-01  4.628970e-16  5.000000e-01  1.719406e-16  5.000000e-01 -6.348376e-16  5.000000e-01 -1.812399e-27  5.000000e-01 -1.127191e-24  5.000000e-01  1.461033e-24  5.000000e-01  4.168237e-27  5.000000e-01  1.563282e-16  5.000000e-01 -5.213748e-21  5.000000e-01 -5.000194e-13  5.000000e-01 -1.563282e-16  5.000000e-01  0.000000e+00  5.000000e-01  4.282347e-13  5.000000e-01  1.095609e-14 
 6.000000e-01  1.343751e-14  6.000000e-01 -6.134569e-13  6.000000e-01  0.000000e+00  6.000000e-01  6.000194e-13  6.000000e-01  5.485764e-16  6.000000e-01  1.719406e-16  6.000000e-01 -7.205170e-16  6.000000e-01 -1.962250e-27  6.000000e-01 -1.133765e-24  6.000000e-01  1.469483e-24  6.000000e-01  4.287461e-27  6.000000e-01  1.563282e-16  6.000000e-01 -5.213767e-21  6.000000e-01 -6.000194e-13  6.000000e-01 -1.563282e-16  6.000000e-01  0.000000e+00  6.000000e-01  4.661368e-13  6.000000e-01  1.091023e-14 
 7.000000e-01  1.452912e-14  7.000000e-01 -7.145485e-13  7.000000e-01  0.000000e+00  7.000000e-01  7.000194e-13  7.000000e-01  6.324248e-16  7.000000e-01  1.719406e-16  7.000000e-01 -8.043654e-16  7.000000e-01 -2.048226e-27  7.000000e-01 -1.140733e-24  7.000000e-01  1.478381e-24  7.000000e-01  4.364289e-27  7.000000e-01  1.563282e-16  7.000000e-01 -5.213786e-21  7.000000e-01 -7.000194e-13  7.000000e-01 -1.563282e-16  7.000000e-01  0.000000e+00  7.000000e-01  5.040038e-13  7.000000e-01  1.093064e-14 
 8.000000e-01  1.562505e-14  8.000000e-01 -8.156444e-13  8.000000e-01  0.000000e+00  8.000000e-01  8.000194e-13  8.000000e-01  7.145863e-16  8.000000e-01  1.719406e-16  8.000000e-01 -8.865269e-16  8.000000e-01 -2.104051e-27  8.000000e-01 -1.147942e-24  8.000000e-01  1.487557e-24  8.000000e-01  4.421232e-27  8.000000e-01  1.563282e-16  8.000000e-01 -5.213805e-21  8.000000e-01 -8.000194e-13  8.000000e-01 -1.563282e-16  8.000000e-01  0.000000e+00  8.000000e-01  5.420205e-13  8.000000e-01  1.099361e-14 
 9.000000e-01  1.672881e-14  9.000000e-01 -9.167482e-13  9.000000e-01  0.000000e+00  9.000000e-01  9.000194e-13  9.000000e-01  7.951867e-16  9.000000e-01  1.719406e-16  9.000000e-01 -9.671273e-16  9.000000e-01 -2.144172e-27  9.000000e-01 -1.155314e-24  9.000000e-01  1.496928e-24  9.000000e-01  4.467902e-27  9.000000e-01  1.563282e-16  9.000000e-01 -5.213825e-21  9.000000e-01 -9.000194e-13  9.000000e-01 -1.563282e-16  9.000000e-01  0.000000e+00  9.000000e-01  5.803088e-13  9.000000e-01  1.108562e-14 
 1.000000e+00  1.784289e-14  1.000000e+00 -1.017862e-12  1.000000e+00  0.000000e+00  1.000000e+00  1.000019e-12  1.000000e+00  8.743360e-16  1.000000e+00  1.719406e-16  1.000000e+00 -1.046277e-15  1.000000e+00 -2.175481e-27  1.000000e+00 -1.162808e-24  1.000000e+00  1.506446e-24  1.000000e+00  4.508878e-27  1.000000e+00  1.563282e-16  1.000000e+00 -5.213845e-21  1.000000e+00 -1.000019e-12  1.000000e+00 -1.563282e-16  1.000000e+00  0.000000e+00  1.000000e+00  6.189552e-13  1.000000e+00  1.119915e-14 
 0.000000e+00  0.000000e+00  0.000000e+00  0.000000e+00  0.000000e+00  0.000000e+00  0.000000e+00  0.000000e+00  0.000000e+00 -1.886979e-24  0.000000e+00  1.870877e-16  0.000000e+00 -1.870876e-16  0.000000e+00  6.277408e-23  0.000000e+00 -6.546164e-23  0.000000e+00  2.162469e-23  0.000000e+00 -4.907353e-23  0.000000e+00  1.469046e-16  0.000000e+00 -4.971571e-21  0.000000e+00  0.000000e+00  0.000000e+00 -1.469044e-16  0.000000e+00  0.000000e+00  0.000000e+00  0.000000e+00  0.000000e+00  8.222948e-12 
 1.000000e-01  8.222948e-13  1.000000e-01 -9.223698e-13  1.000000e-01  0.000000e+00  1.000000e-01  1.000750e-13  1.000000e-01  9.804615e-17  1.000000e-01  1.870877e-16  1.000000e-01 -2.851338e-16  1.000000e-01  6.373247e-25  1.000000e-01 -3.675913e-23  1.000000e-01  4.676042e-23  1.000000e-01 -3.438384e-25  1.000000e-01  1.469046e-16  1.000000e-01 -4.993042e-21  1.000000e-01 -1.000190e-13  1.000000e-01 -1.469045e-16  1.000000e-01  0.000000e+00  1.000000e-01  8.415226e-12  1.000000e-01  5.284333e-13 
 2.000000e-01  2.865845e-13  2.000000e-01 -4.866039e-13  2.000000e-01  0.000000e+00  2.000000e-01  2.000194e-13  2.000000e-01  1.930488e-16  2.000000e-01  1.870877e-16  2.000000e-01 -3.801365e-16  2.000000e-01  6.179776e-26  2.000000e-01 -3.590418e-23  2.000000e-01  4.621992e-23  2.000000e-01  5.506382e-26  2.000000e-01  1.469046e-16  2.000000e-01 -4.993103e-21  2.000000e-01 -2.000194e-13  2.000000e-01 -1.469045e-16  2.000000e-01  0.000000e+00  2.000000e-01  9.938725e-12  2.000000e-01  3.966361e-13 
 3.000000e-01  3.246149e-13  3.000000e-01 -6.246343e-13  3.000000e-01  0.000000e+00  3.000000e-01  3.000194e-13  3.000000e-01  2.853471e-16  3.000000e-01  1.870877e-16  3.000000e-01 -4.724347e-16  3.000000e-01 -2.382453e-26  3.000000e-01 -3.587287e-23  3.000000e-01  4.625684e-23  3.000000e-01  1.136376e-25  3.000000e-01  1.469046e-16  3.000000e-01 -4.993555e-21  3.000000e-01 -3.000194e-13  3.000000e-01 -1.469045e-16  3.000000e-01  0.000000e+00  3.000000e-01  1.125760e-11  3.000000e-01  3.684412e-13 
 4.000000e-01  3.607898e-13  4.000000e-01 -7.608092e-13  4.000000e-01  0.000000e+00  4.000000e-01  4.000194e-13  4.000000e-01  3.752191e-16  4.000000e-01  1.870877e-16  4.000000e-01 -5.623068e-16  4.000000e-01 -4.840217e-26  4.000000e-01 -3.600540e-23  4.000000e-01  4.644500e-23  4.000000e-01  1.307544e-25  4.000000e-01  1.469046e-16  4.000000e-01 -4.994112e-21  4.000000e-01 -4.000194e-13  4.000000e-01 -1.469045e-16  4.000000e-01  0.000000e+00  4.000000e-01  1.251213e-11  4.000000e-01  3.566338e-13 
 5.000000e-01  3.961618e-13  5.000000e-01 -8.961812e-13  5.000000e-01  0.000000e+00  5.000000e-01  5.000194e-13  5.000000e-01  4.628970e-16  5.000000e-01  1.870877e-16  5.000000e-01 -6.499846e-16  5.000000e-01 -5.819360e-26  5.000000e-01 -3.619252e-23  5.000000e-01  4.668904e-23  5.000000e-01  1.379340e-25  5.000000e-01  1.469046e-16  5.000000e-01 -4.994708e-21  5.000000e-01 -5.000194e-13  5.000000e-01 -1.469045e-16  5.000000e-01  0.000000e+00  5.000000e-01  1.373881e-11  5.000000e-01  3.515864e-13 
 6.000000e-01  4.312245e-13  6.000000e-01 -1.031244e-12  6.000000e-01  0.000000e+00  6.000000e-01  6.000194e-13  6.000000e-01  5.485764e-16  6.000000e-01  1.870877e-16  6.000000e-01 -7.356641e-16  6.000000e-01 -6.300510e-26  6.000000e-01 -3.640360e-23  6.000000e-01  4.695908e-23  6.000000e-01  1.417895e-25  6.000000e-01  1.469046e-16  6.000000e-01 -4.995325e-21  6.000000e-01 -6.000194e-13  6.000000e-01 -1.469045e-16  6.000000e-01  0.000000e+00  6.000000e-01  1.495476e-11  6.000000e-01  3.501133e-13 
 7.000000e-01  4.662547e-13  7.000000e-01 -1.166274e-12  7.000000e-01  0.000000e+00  7.000000e-01  7.000194e-13  7.000000e-01  6.324248e-16  7.000000e-01  1.870877e-16  7.000000e-01 -8.195124e-16  7.000000e-01 -6.576566e-26  7.000000e-01 -3.662735e-23  7.000000e-01  4.724338e-23  7.000000e-01  1.442838e-25  7.000000e-01  1.469046e-16  7.000000e-01 -4.995954e-21  7.000000e-01 -7.000194e-13  7.000000e-01 -1.469045e-16  7.000000e-01  0.000000e+00  7.000000e-01  1.616958e-11  7.000000e-01  3.507671e-13 
 8.000000e-01  5.014231e-13  8.000000e-01 -1.301443e-12  8.000000e-01  0.000000e+00  8.000000e-01  8.000194e-13  8.000000e-01  7.145863e-16  8.000000e-01  1.870877e-16  8.000000e-01 -9.016740e-16  8.000000e-01 -6.755815e-26  8.000000e-01 -3.685880e-23  8.000000e-01  4.753659e-23  8.000000e-01  1.461398e-25  8.000000e-01  1.469046e-16  8.000000e-01 -4.996591e-21  8.000000e-01 -8.000194e-13  8.000000e-01 -1.469045e-16  8.000000e-01  0.000000e+00  8.000000e-01  1.738919e-11  8.000000e-01  3.527864e-13 
 9.000000e-01  5.368428e-13  9.000000e-01 -1.436862e-12  9.000000e-01  0.000000e+00  9.000000e-01  9.000194e-13  9.000000e-01  7.951867e-16  9.000000e-01  1.870877e-16  9.000000e-01 -9.822744e-16  9.000000e-01 -6.884635e-26  9.000000e-01 -3.709551e-23  9.000000e-01  4.783602e-23  9.000000e-01  1.476661e-25  9.000000e-01  1.469046e-16  9.000000e-01 -4.997236e-21  9.000000e-01 -9.000194e-13  9.000000e-01 -1.469045e-16  9.000000e-01  0.000000e+00  9.000000e-01  1.861751e-11  9.000000e-01  3.557378e-13 
 1.000000e+00  5.725935e-13  1.000000e+00 -1.572613e-12  1.000000e+00  0.000000e+00  1.000000e+00  1.000019e-12  1.000000e+00  8.743360e-16  1.000000e+00  1.870877e-16  1.000000e+00 -1.061424e-15  1.000000e+00 -6.985165e-26  1.000000e+00 -3.733615e-23  1.000000e+00  4.814016e-23  1.000000e+00  1.490098e-25  1.000000e+00  1.469046e-16  1.000000e+00 -4.997886e-21  1.000000e+00 -1.000019e-12  1.000000e+00 -1.469045e-16  1.000000e+00  0.000000e+00  1.000000e+00  1.985731e-11  1.000000e+00  3.593798e-13 
 0.000000e+00  0.000000e+00  0.000000e+00  0.000000e+00  0.000000e+00  0.000000e+00  0.000000e+00  0.000000e+00  0.000000e+00 -6.058806e-23  0.000000e+00  2.013721e-16  0.000000e+00 -2.013720e-16  0.000000e+00  2.015573e-21  0.000000e+00 -2.101867e-21  0.000000e+00  6.814034e-22  0.000000e+00 -1.575562e-21  0.000000e+00  1.390038e-16  0.000000e+00 -7.092378e-21  0.000000e+00  0.000000e+00  0.000000e+00 -1.389996e-16  0.000000e+00  0.000000e+00  0.000000e+00  0.000000e+00  0.000000e+00  2.632294e-10 
 1.000000e-01  7.767688e-12  1.000000e-01 -7.867707e-12  1.000000e-01  0.000000e+00  1.000000e-01  1.000190e-13  1.000000e-01  9.804612e-17  1.000000e-01  2.013721e-16  1.000000e-01 -2.994181e-16  1.000000e-01  2.046358e-23  1.000000e-01 -1.180276e-21  1.000000e-01  1.494140e-21  1.000000e-01 -1.093129e-23  1.000000e-01  1.390032e-16  1.000000e-01 -7.786430e-21  1.000000e-01 -1.000190e-13  1.000000e-01 -1.390003e-16  1.000000e-01  0.000000e+00  1.000000e-01  2.689757e-10  1.000000e-01  1.691510e-11 
 2.000000e-01  9.173872e-12  2.000000e-01 -9.373891e-12  2.000000e-01  0.000000e+00  2.000000e-01  2.000194e-13  2.000000e-01  1.930488e-16  2.000000e-01  2.013721e-16  2.000000e-01 -3.944208e-16  2.000000e-01  1.984245e-24  2.000000e-01 -1.152825e-21  2.000000e-01  1.476954e-21  2.000000e-01  1.877605e-24  2.000000e-01  1.390032e-16  2.000000e-01 -7.788908e-21  2.000000e-01 -2.000194e-13  2.000000e-01 -1.390003e-16  2.000000e-01  0.000000e+00  2.000000e-01  3.176663e-10  2.000000e-01  1.269579e-11 
 3.000000e-01  1.039115e-11  3.000000e-01 -1.069117e-11  3.000000e-01  0.000000e+00  3.000000e-01  3.000194e-13  3.000000e-01  2.853470e-16  3.000000e-01  2.013721e-16  3.000000e-01 -4.867190e-16  3.000000e-01 -7.649607e-25  3.000000e-01 -1.151820e-21  3.000000e-01  1.478145e-21  3.000000e-01  3.759053e-24  3.000000e-01  1.390032e-16  3.000000e-01 -7.803860e-21  3.000000e-01 -3.000194e-13  3.000000e-01 -1.390003e-16  3.000000e-01  0.000000e+00  3.000000e-01  3.598151e-10  3.000000e-01  1.179299e-11 
 4.000000e-01  1.154902e-11  4.000000e-01 -1.194904e-11  4.000000e-01  0.000000e+00  4.000000e-01  4.000194e-13  4.000000e-01  3.752191e-16  4.000000e-01  2.013721e-16  4.000000e-01 -5.765911e-16  4.000000e-01 -1.554112e-24  4.000000e-01 -1.156075e-21  4.000000e-01  1.484161e-21  4.000000e-01  4.309383e-24  4.000000e-01  1.390032e-16  4.000000e-01 -7.822128e-21  4.000000e-01 -4.000194e-13  4.000000e-01 -1.390003e-16  4.000000e-01  0.000000e+00  4.000000e-01  3.999060e-10  4.000000e-01  1.141478e-11 
 5.000000e-01  1.268116e-11  5.000000e-01 -1.318118e-11  5.000000e-01  0.000000e+00  5.000000e-01  5.000194e-13  5.000000e-01  4.628969e-16  5.000000e-01  2.013721e-16  5.000000e-01 -6.642689e-16  5.000000e-01 -1.868501e-24  5.000000e-01 -1.162083e-21  5.000000e-01  1.491959e-21  5.000000e-01  4.540649e-24  5.000000e-01  1.390032e-16  5.000000e-01 -7.841675e-21  5.000000e-01 -5.000194e-13  5.000000e-01 -1.390003e-16  5.000000e-01  0.000000e+00  5.000000e-01  4.391056e-10  5.000000e-01  1.125297e-11 
 6.000000e-01  1.380337e-11  6.000000e-01 -1.440339e-11  6.000000e-01  0.000000e+00  6.000000e-01  6.000194e-13  6.000000e-01  5.485764e-16  6.000000e-01  2.013721e-16  6.000000e-01 -7.499484e-16  6.000000e-01 -2.022990e-24  6.000000e-01 -1.168860e-21  6.000000e-01  1.500588e-21  6.000000e-01  4.665184e-24  6.000000e-01  1.390032e-16  6.000000e-01 -7.861864e-21  6.000000e-01 -6.000194e-13  6.000000e-01 -1.390003e-16  6.000000e-01  0.000000e+00  6.000000e-01  4.779610e-10  6.000000e-01  1.120558e-11 
 7.000000e-01  1.492452e-11  7.000000e-01 -1.562454e-11  7.000000e-01  0.000000e+00  7.000000e-01  7.000194e-13  7.000000e-01  6.324247e-16  7.000000e-01  2.013721e-16  7.000000e-01 -8.337967e-16  7.000000e-01 -2.111628e-24  7.000000e-01 -1.176045e-21  7.000000e-01  1.509672e-21  7.000000e-01  4.746022e-24  7.000000e-01  1.390032e-16  7.000000e-01 -7.882449e-21  7.000000e-01 -7.000194e-13  7.000000e-01 -1.390003e-16  7.000000e-01  0.000000e+00  7.000000e-01  5.167790e-10  7.000000e-01  1.122627e-11 
 8.000000e-01  1.605007e-11  8.000000e-01 -1.685009e-11  8.000000e-01  0.000000e+00  8.000000e-01  8.000194e-13  8.000000e-01  7.145863e-16  8.000000e-01  2.013721e-16  8.000000e-01 -9.159583e-16  8.000000e-01 -2.169182e-24  8.000000e-01 -1.183476e-21  8.000000e-01  1.519041e-21  8.000000e-01  4.806369e-24  8.000000e-01  1.390032e-16  8.000000e-01 -7.903317e-21  8.000000e-01 -8.000194e-13  8.000000e-01 -1.390003e-16  8.000000e-01  0.000000e+00  8.000000e-01  5.557490e-10  8.000000e-01  1.129067e-11 
 9.000000e-01  1.718364e-11  9.000000e-01 -1.808366e-11  9.000000e-01  0.000000e+00  9.000000e-01  9.000194e-13  9.000000e-01  7.951867e-16  9.000000e-01  2.013721e-16  9.000000e-01 -9.965587e-16  9.000000e-01 -2.210544e-24  9.000000e-01 -1.191076e-21  9.000000e-01  1.528608e-21  9.000000e-01  4.856136e-24  9.000000e-01  1.390033e-16  9.000000e-01 -7.924411e-21  9.000000e-01 -9.000194e-13  9.000000e-01 -1.390003e-16  9.000000e-01  0.000000e+00  9.000000e-01  5.949961e-10  9.000000e-01  1.138490e-11 
 1.000000e+00  1.832779e-11  1.000000e+00 -1.932780e-11  1.000000e+00  0.000000e+00  1.000000e+00  1.000019e-12  1.000000e+00  8.743360e-16  1.000000e+00  2.013721e-16  1.000000e+00 -1.075708e-15  1.000000e+00 -2.242822e-24  1.000000e+00 -1.198803e-21  1.000000e+00  1.538326e-21  1.000000e+00  4.900044e-24  1.000000e+00  1.390033e-16  1.000000e+00 -7.945701e-21  1.000000e+00 -1.000019e-12  1.000000e+00 -1.390003e-16  1.000000e+00  0.000000e+00  1.000000e+00  6.346087e-10  1.000000e+00  1.150123e-11 
 0.000000e+00  0.000000e+00  0.000000e+00  0.000000e+00  0.000000e+00  0.000000e+00  0.000000e+00  0.000000e+00  0.000000e+00 -1.945178e-21  0.000000e+00  2.149290e-16  0.000000e+00 -2.149252e-16  0.000000e+00  6.470097e-20  0.000000e+00 -6.747277e-20  0.000000e+00  2.146047e-20  0.000000e+00 -5.057340e-20  0.000000e+00  1.323527e-16  0.000000e+00 -8.473552e-20  0.000000e+00  0.000000e+00  0.000000e+00 -1.322177e-16  0.000000e+00  0.000000e+00  0.000000e+00  0.000000e+00  0.000000e+00  8.309284e-09 
 1.000000e-01  2.452212e-10  1.000000e-01 -2.453212e-10  1.000000e-01  0.000000e+00  1.000000e-01  1.000190e-13  1.000000e-01  9.804506e-17  1.000000e-01  2.149284e-16  1.000000e-01 -3.129719e-16  1.000000e-01  6.570262e-22  1.000000e-01 -3.788852e-20  1.000000e-01  4.773075e-20  1.000000e-01 -3.479732e-22  1.000000e-01  1.323308e-16  1.000000e-01 -1.071616e-19  1.000000e-01 -1.000190e-13  1.000000e-01 -1.322381e-16  1.000000e-01  0.000000e+00  1.000000e-01  8.420629e-09  1.000000e-01  5.338641e-10 
 2.000000e-01  2.895953e-10  2.000000e-01 -2.897953e-10  2.000000e-01  0.000000e+00  2.000000e-01  2.000194e-13  2.000000e-01  1.930478e-16  2.000000e-01  2.149284e-16  2.000000e-01 -4.079746e-16  2.000000e-01  6.371639e-23  2.000000e-01 -3.700715e-20  2.000000e-01  4.718439e-20  2.000000e-01  6.329787e-23  2.000000e-01  1.323306e-16  2.000000e-01 -1.072556e-19  2.000000e-01 -2.000194e-13  2.000000e-01 -1.322388e-16  2.000000e-01  0.000000e+00  2.000000e-01  9.943975e-09  2.000000e-01  4.005828e-10 
 3.000000e-01  3.280001e-10  3.000000e-01 -3.283001e-10  3.000000e-01  0.000000e+00  3.000000e-01  3.000194e-13  3.000000e-01  2.853460e-16  3.000000e-01  2.149284e-16  3.000000e-01 -5.002728e-16  3.000000e-01 -2.454977e-23  3.000000e-01 -3.697480e-20  3.000000e-01  4.722276e-20  3.000000e-01  1.237238e-22  3.000000e-01  1.323310e-16  3.000000e-01 -1.077466e-19  3.000000e-01 -3.000194e-13  3.000000e-01 -1.322389e-16  3.000000e-01  0.000000e+00  3.000000e-01  1.126221e-08  3.000000e-01  3.720338e-10 
 4.000000e-01  3.645246e-10  4.000000e-01 -3.649246e-10  4.000000e-01  0.000000e+00  4.000000e-01  4.000194e-13  4.000000e-01  3.752181e-16  4.000000e-01  2.149284e-16  4.000000e-01 -5.901449e-16  4.000000e-01 -4.988596e-23  4.000000e-01 -3.711134e-20  4.000000e-01  4.741494e-20  4.000000e-01  1.414125e-22  4.000000e-01  1.323314e-16  4.000000e-01 -1.083434e-19  4.000000e-01 -4.000194e-13  4.000000e-01 -1.322389e-16  4.000000e-01  0.000000e+00  4.000000e-01  1.251577e-08  4.000000e-01  3.600497e-10 
 5.000000e-01  4.002326e-10  5.000000e-01 -4.007326e-10  5.000000e-01  0.000000e+00  5.000000e-01  5.000194e-13  5.000000e-01  4.628959e-16  5.000000e-01  2.149284e-16  5.000000e-01 -6.778227e-16  5.000000e-01 -5.997943e-23  5.000000e-01 -3.730414e-20  5.000000e-01  4.766404e-20  5.000000e-01  1.488576e-22  5.000000e-01  1.323319e-16  5.000000e-01 -1.089811e-19  5.000000e-01 -5.000194e-13  5.000000e-01 -1.322388e-16  5.000000e-01  0.000000e+00  5.000000e-01  1.374120e-08  5.000000e-01  3.548982e-10 
 6.000000e-01  4.356229e-10  6.000000e-01 -4.362230e-10  6.000000e-01  0.000000e+00  6.000000e-01  6.000194e-13  6.000000e-01  5.485753e-16  6.000000e-01  2.149285e-16  6.000000e-01 -7.635022e-16  6.000000e-01 -6.493923e-23  6.000000e-01 -3.752165e-20  6.000000e-01  4.793961e-20  6.000000e-01  1.528761e-22  6.000000e-01  1.323325e-16  6.000000e-01 -1.096394e-19  6.000000e-01 -6.000194e-13  6.000000e-01 -1.322388e-16  6.000000e-01  0.000000e+00  6.000000e-01  1.495562e-08  6.000000e-01  3.533588e-10 
 7.000000e-01  4.709753e-10  7.000000e-01 -4.716753e-10  7.000000e-01  0.000000e+00  7.000000e-01  7.000194e-13  7.000000e-01  6.324237e-16  7.000000e-01  2.149285e-16  7.000000e-01 -8.473505e-16  7.000000e-01 -6.778479e-23  7.000000e-01 -3.775221e-20  7.000000e-01  4.822972e-20  7.000000e-01  1.554918e-22  7.000000e-01  1.323330e-16  7.000000e-01 -1.103103e-19  7.000000e-01 -7.000194e-13  7.000000e-01 -1.322387e-16  7.000000e-01  0.000000e+00  7.000000e-01  1.616865e-08  7.000000e-01  3.539682e-10 
 8.000000e-01  5.064622e-10  8.000000e-01 -5.072622e-10  8.000000e-01  0.000000e+00  8.000000e-01  8.000194e-13  8.000000e-01  7.145852e-16  8.000000e-01  2.149285e-16  8.000000e-01 -9.295121e-16  8.000000e-01 -6.963240e-23  8.000000e-01 -3.799071e-20  8.000000e-01  4.852893e-20  8.000000e-01  1.574498e-22  8.000000e-01  1.323336e-16  8.000000e-01 -1.109905e-19  8.000000e-01 -8.000194e-13  8.000000e-01 -1.322386e-16  8.000000e-01  0.000000e+00  8.000000e-01  1.738620e-08  8.000000e-01  3.559568e-10 
 9.000000e-01  5.421978e-10  9.000000e-01 -5.430978e-10  9.000000e-01  0.000000e+00  9.000000e-01  9.000194e-13  9.000000e-01  7.951856e-16  9.000000e-01  2.149285e-16  9.000000e-01 -1.010112e-15  9.000000e-01 -7.096017e-23  9.000000e-01 -3.823462e-20  9.000000e-01  4.883447e-20  9.000000e-01  1.590683e-22  9.000000e-01  1.323341e-16  9.000000e-01 -1.116779e-19  9.000000e-01 -9.000194e-13  9.000000e-01 -1.322386e-16  9.000000e-01  0.000000e+00  9.000000e-01  1.861220e-08  9.000000e-01  3.588862e-10 
 1.000000e+00  5.782625e-10  1.000000e+00 -5.792625e-10  1.000000e+00  0.000000e+00  1.000000e+00  1.000019e-12  1.000000e+00  8.743349e-16  1.000000e+00  2.149285e-16  1.000000e+00 -1.089262e-15  1.000000e+00 -7.199629e-23  1.000000e+00 -3.848259e-20  1.000000e+00  4.914482e-20  1.000000e+00  1.604987e-22  1.000000e+00  1.323347e-16  1.000000e+00 -1.123716e-19  1.000000e+00 -1.000019e-12  1.000000e+00 -1.322385e-16  1.000000e+00  0.000000e+00  1.000000e+00  1.984939e-08  1.000000e+00  3.625123e-10 
 0.000000e+00  0.000000e+00  0.000000e+00  0.000000e+00  0.000000e+00  0.000000e+00  0.000000e+00  0.000000e+00  0.000000e+00 -6.223131e-20  0.000000e+00  2.279476e-16  0.000000e+00 -2.278231e-16  0.000000e+00  2.060841e-18  0.000000e+00 -2.150841e-18  0.000000e+00  6.725231e-19  0.000000e+00 -1.610766e-18  0.000000e+00  1.297207e-16  0.000000e+00 -2.602126e-18  0.000000e+00  0.000000e+00  0.000000e+00 -1.254190e-16  0.000000e+00  0.000000e+00  0.000000e+00  0.000000e+00  0.000000e+00  2.432375e-07 
 1.000000e-01  7.205771e-09  1.000000e-01 -7.205871e-09  1.000000e-01  0.000000e+00  1.000000e-01  1.000190e-13  1.000000e-01  9.801121e-17  1.000000e-01  2.279275e-16  1.000000e-01 -3.258881e-16  1.000000e-01  2.106441e-20  1.000000e-01 -1.207841e-18  1.000000e-01  1.514058e-18  1.000000e-01 -1.109095e-20  1.000000e-01  1.290251e-16  1.000000e-01 -3.320238e-18  1.000000e-01 -1.000190e-13  1.000000e-01 -1.260694e-16  1.000000e-01  0.000000e+00  1.000000e-01  2.373879e-07  1.000000e-01  1.566853e-08 
 2.000000e-01  8.505464e-09  2.000000e-01 -8.505664e-09  2.000000e-01  0.000000e+00  2.000000e-01  2.000194e-13  2.000000e-01  1.930147e-16  2.000000e-01  2.279273e-16  2.000000e-01 -4.208914e-16  2.000000e-01  2.050967e-21  2.000000e-01 -1.179594e-18  2.000000e-01  1.496722e-18  2.000000e-01  2.089462e-21  2.000000e-01  1.290177e-16  2.000000e-01 -3.323480e-18  2.000000e-01 -2.000194e-13  2.000000e-01 -1.260899e-16  2.000000e-01  0.000000e+00  2.000000e-01  2.800977e-07  2.000000e-01  1.171716e-08 
 3.000000e-01  9.627967e-09  3.000000e-01 -9.628267e-09  3.000000e-01  0.000000e+00  3.000000e-01  3.000194e-13  3.000000e-01  2.853130e-16  3.000000e-01  2.279276e-16  3.000000e-01 -5.131897e-16  3.000000e-01 -7.759414e-22  3.000000e-01 -1.178490e-18  3.000000e-01  1.497872e-18  3.000000e-01  4.025044e-21  3.000000e-01  1.290291e-16  3.000000e-01 -3.339267e-18  3.000000e-01 -3.000194e-13  3.000000e-01 -1.260933e-16  3.000000e-01  0.000000e+00  3.000000e-01  3.169193e-07  3.000000e-01  1.086639e-08 
 4.000000e-01  1.069417e-08  4.000000e-01 -1.069457e-08  4.000000e-01  0.000000e+00  4.000000e-01  4.000194e-13  4.000000e-01  3.751849e-16  4.000000e-01  2.279280e-16  4.000000e-01 -6.030618e-16  4.000000e-01 -1.587024e-21  4.000000e-01 -1.182779e-18  4.000000e-01  1.503895e-18  4.000000e-01  4.591620e-21  4.000000e-01  1.290441e-16  4.000000e-01 -3.358409e-18  4.000000e-01 -4.000194e-13  4.000000e-01 -1.260934e-16  4.000000e-01  0.000000e+00  4.000000e-01  3.518595e-07  4.000000e-01  1.050468e-08 
 5.000000e-01  1.173547e-08  5.000000e-01 -1.173597e-08  5.000000e-01  0.000000e+00  5.000000e-01  5.000194e-13  5.000000e-01  4.628626e-16  5.000000e-01  2.279285e-16  5.000000e-01 -6.907396e-16  5.000000e-01 -1.909979e-21  5.000000e-01 -1.188864e-18  5.000000e-01  1.511721e-18  5.000000e-01  4.830153e-21  5.000000e-01  1.290605e-16  5.000000e-01 -3.378846e-18  5.000000e-01 -5.000194e-13  5.000000e-01 -1.260925e-16  5.000000e-01  0.000000e+00  5.000000e-01  3.859574e-07  5.000000e-01  1.034456e-08 
 6.000000e-01  1.276658e-08  6.000000e-01 -1.276718e-08  6.000000e-01  0.000000e+00  6.000000e-01  6.000194e-13  6.000000e-01  5.485418e-16  6.000000e-01  2.279290e-16  6.000000e-01 -7.764190e-16  6.000000e-01 -2.068564e-21  6.000000e-01 -1.195736e-18  6.000000e-01  1.520385e-18  6.000000e-01  4.958974e-21  6.000000e-01  1.290774e-16  6.000000e-01 -3.399935e-18  6.000000e-01 -6.000194e-13  6.000000e-01 -1.260911e-16  6.000000e-01  0.000000e+00  6.000000e-01  4.196996e-07  6.000000e-01  1.029094e-08 
 7.000000e-01  1.379575e-08  7.000000e-01 -1.379645e-08  7.000000e-01  0.000000e+00  7.000000e-01  7.000194e-13  7.000000e-01  6.323900e-16  7.000000e-01  2.279295e-16  7.000000e-01 -8.602673e-16  7.000000e-01 -2.159462e-21  7.000000e-01 -1.203022e-18  7.000000e-01  1.529508e-18  7.000000e-01  5.042883e-21  7.000000e-01  1.290947e-16  7.000000e-01 -3.421427e-18  7.000000e-01 -7.000194e-13  7.000000e-01 -1.260894e-16  7.000000e-01  0.000000e+00  7.000000e-01  4.533586e-07  7.000000e-01  1.030061e-08 
 8.000000e-01  1.482805e-08  8.000000e-01 -1.482885e-08  8.000000e-01  0.000000e+00  8.000000e-01  8.000194e-13  8.000000e-01  7.145513e-16  8.000000e-01  2.279300e-16  8.000000e-01 -9.424288e-16  8.000000e-01 -2.218413e-21  8.000000e-01 -1.210561e-18  8.000000e-01  1.538919e-18  8.000000e-01  5.105737e-21  8.000000e-01  1.291123e-16  8.000000e-01 -3.443207e-18  8.000000e-01 -8.000194e-13  8.000000e-01 -1.260876e-16  8.000000e-01  0.000000e+00  8.000000e-01  4.871024e-07  8.000000e-01  1.035086e-08 
 9.000000e-01  1.586683e-08  9.000000e-01 -1.586773e-08  9.000000e-01  0.000000e+00  9.000000e-01  9.000194e-13  9.000000e-01  7.951514e-16  9.000000e-01  2.279305e-16  9.000000e-01 -1.023029e-15  9.000000e-01 -2.260721e-21  9.000000e-01 -1.218272e-18  9.000000e-01  1.548528e-18  9.000000e-01  5.157720e-21  9.000000e-01  1.291300e-16  9.000000e-01 -3.465218e-18  9.000000e-01 -9.000194e-13  9.000000e-01 -1.260858e-16  9.000000e-01  0.000000e+00  9.000000e-01  5.210414e-07  9.000000e-01  1.042871e-08 
 1.000000e+00  1.691446e-08  1.000000e+00 -1.691546e-08  1.000000e+00  0.000000e+00  1.000000e+00  1.000019e-12  1.000000e+00  8.743006e-16  1.000000e+00  2.279310e-16  1.000000e+00 -1.102178e-15  1.000000e+00 -2.293692e-21  1.000000e+00 -1.226110e-18  1.000000e+00  1.558289e-18  1.000000e+00  5.203685e-21  1.000000e+00  1.291480e-16  1.000000e+00 -3.487429e-18  1.000000e+00 -1.000019e-12  1.000000e+00 -1.260838e-16  1.000000e+00  0.000000e+00  1.000000e+00  5.552536e-07  1.000000e+00  1.052696e-08 
 0.000000e+00  0.000000e+00  0.000000e+00  0.000000e+00  0.000000e+00  0.000000e+00  0.000000e+00  0.000000e+00  0.000000e+00 -1.797537e-18  0.000000e+00  2.430337e-16  0.000000e+00 -2.394386e-16  0.000000e+00  5.283373e-17  0.000000e+00 -5.611745e-17  0.000000e+00  1.814847e-17  0.000000e+00 -4.129130e-17  0.000000e+00  2.092548e-16  0.000000e+00 -6.963292e-17  0.000000e+00  0.000000e+00  0.000000e+00 -9.701994e-17  0.000000e+00  0.000000e+00  0.000000e+00  0.000000e+00  0.000000e+00  5.076680e-06 
 1.000000e-01  1.624804e-07  1.000000e-01 -1.624805e-07  1.000000e-01  0.000000e+00  1.000000e-01  1.000190e-13  1.000000e-01  9.703592e-17  1.000000e-01  2.424522e-16  1.000000e-01 -3.380279e-16  1.000000e-01  6.456670e-19  1.000000e-01 -3.156756e-17  1.000000e-01  3.928901e-17  1.000000e-01 -3.535644e-19  1.000000e-01  1.910935e-16  1.000000e-01 -8.767108e-17  1.000000e-01 -1.000190e-13  1.000000e-01 -1.139509e-16  1.000000e-01  0.000000e+00  1.000000e-01  4.694979e-06  1.000000e-01  3.544737e-07 
 2.000000e-01  1.909320e-07  2.000000e-01 -1.909322e-07  2.000000e-01  0.000000e+00  2.000000e-01  2.000194e-13  2.000000e-01  1.920639e-16  2.000000e-01  2.424441e-16  2.000000e-01 -4.330487e-16  2.000000e-01  6.919599e-20  2.000000e-01 -3.071921e-17  2.000000e-01  3.877986e-17  2.000000e-01  4.619575e-20  2.000000e-01  1.907751e-16  2.000000e-01 -8.765183e-17  2.000000e-01 -2.000194e-13  2.000000e-01 -1.145493e-16  2.000000e-01  0.000000e+00  2.000000e-01  5.499887e-06  2.000000e-01  2.515927e-07 
 3.000000e-01  2.148214e-07  3.000000e-01 -2.148217e-07  3.000000e-01  0.000000e+00  3.000000e-01  3.000194e-13  3.000000e-01  2.843639e-16  3.000000e-01  2.424523e-16  3.000000e-01 -5.253502e-16  3.000000e-01 -1.506534e-20  3.000000e-01 -3.064028e-17  3.000000e-01  3.875702e-17  3.000000e-01  1.037242e-19  3.000000e-01  1.909858e-16  3.000000e-01 -8.796106e-17  3.000000e-01 -3.000194e-13  3.000000e-01 -1.146647e-16  3.000000e-01  0.000000e+00  3.000000e-01  6.157828e-06  3.000000e-01  2.294964e-07 
 4.000000e-01  2.372094e-07  4.000000e-01 -2.372098e-07  4.000000e-01  0.000000e+00  4.000000e-01  4.000194e-13  4.000000e-01  3.742331e-16  4.000000e-01  2.424636e-16  4.000000e-01 -6.152228e-16  4.000000e-01 -3.895031e-20  4.000000e-01 -3.070976e-17  4.000000e-01  3.886256e-17  4.000000e-01  1.202333e-19  4.000000e-01  1.912976e-16  4.000000e-01 -8.835736e-17  4.000000e-01 -4.000194e-13  4.000000e-01 -1.146887e-16  4.000000e-01  0.000000e+00  4.000000e-01  6.766909e-06  4.000000e-01  2.194090e-07 
 5.000000e-01  2.588630e-07  5.000000e-01 -2.588635e-07  5.000000e-01  0.000000e+00  5.000000e-01  5.000194e-13  5.000000e-01  4.619065e-16  5.000000e-01  2.424760e-16  5.000000e-01 -7.029002e-16  5.000000e-01 -4.833637e-20  5.000000e-01 -3.082749e-17  5.000000e-01  3.901493e-17  5.000000e-01  1.269942e-19  5.000000e-01  1.916427e-16  5.000000e-01 -8.878604e-17  5.000000e-01 -5.000194e-13  5.000000e-01 -1.146836e-16  5.000000e-01  0.000000e+00  5.000000e-01  7.350921e-06  5.000000e-01  2.142295e-07 
 6.000000e-01  2.801403e-07  6.000000e-01 -2.801409e-07  6.000000e-01  0.000000e+00  6.000000e-01  6.000194e-13  6.000000e-01  5.475808e-16  6.000000e-01  2.424889e-16  6.000000e-01 -7.885788e-16  6.000000e-01 -5.286481e-20  6.000000e-01 -3.096577e-17  6.000000e-01  3.918854e-17  6.000000e-01  1.305101e-19  6.000000e-01  1.920026e-16  6.000000e-01 -8.923008e-17  6.000000e-01 -6.000194e-13  6.000000e-01 -1.146662e-16  6.000000e-01  0.000000e+00  6.000000e-01  7.920913e-06  6.000000e-01  2.116374e-07 
 7.000000e-01  3.012412e-07  7.000000e-01 -3.012419e-07  7.000000e-01  0.000000e+00  7.000000e-01  7.000194e-13  7.000000e-01  6.314237e-16  7.000000e-01  2.425021e-16  7.000000e-01 -8.724261e-16  7.000000e-01 -5.539928e-20  7.000000e-01 -3.111449e-17  7.000000e-01  3.937336e-17  7.000000e-01  1.327004e-19  7.000000e-01  1.923706e-16  7.000000e-01 -8.968280e-17  7.000000e-01 -7.000194e-13  7.000000e-01 -1.146427e-16  7.000000e-01  0.000000e+00  7.000000e-01  8.483058e-06  7.000000e-01  2.105810e-07 
 8.000000e-01  3.222890e-07  8.000000e-01 -3.222898e-07  8.000000e-01  0.000000e+00  8.000000e-01  8.000194e-13  8.000000e-01  7.135797e-16  8.000000e-01  2.425154e-16  8.000000e-01 -9.545866e-16  8.000000e-01 -5.699429e-20  8.000000e-01 -3.126923e-17  8.000000e-01  3.956485e-17  8.000000e-01  1.342690e-19  8.000000e-01  1.927436e-16  8.000000e-01 -9.014120e-17  8.000000e-01 -8.000194e-13  8.000000e-01 -1.146159e-16  8.000000e-01  0.000000e+00  8.000000e-01  9.041157e-06  8.000000e-01  2.105064e-07 
 9.000000e-01  3.433645e-07  9.000000e-01 -3.433654e-07  9.000000e-01  0.000000e+00  9.000000e-01  9.000194e-13  9.000000e-01  7.941743e-16  9.000000e-01  2.425289e-16  9.000000e-01 -1.035186e-15  9.000000e-01 -5.810015e-20  9.000000e-01 -3.142781e-17  9.000000e-01  3.976067e-17  9.000000e-01  1.355155e-19  9.000000e-01  1.931203e-16  9.000000e-01 -9.060374e-17  9.000000e-01 -9.000194e-13  9.000000e-01 -1.145871e-16  9.000000e-01  0.000000e+00  9.000000e-01  9.597707e-06  9.000000e-01  2.110969e-07 
 1.000000e+00  3.645244e-07  1.000000e+00 -3.645254e-07  1.000000e+00  0.000000e+00  1.000000e+00  1.000019e-12  1.000000e+00  8.733178e-16  1.000000e+00  2.425425e-16  1.000000e+00 -1.114334e-15  1.000000e+00 -5.893131e-20  1.000000e+00 -3.158907e-17  1.000000e+00  3.995955e-17  1.000000e+00  1.365825e-19  1.000000e+00  1.934998e-16  1.000000e+00 -9.106958e-17  1.000000e+00 -1.000019e-12  1.000000e+00 -1.145569e-16  1.000000e+00  0.000000e+00  1.000000e+00  1.015445e-05  1.000000e+00  2.121722e-07 
 0.000000e+00  0.000000e+00  0.000000e+00  0.000000e+00  0.000000e+00  0.000000e+00  0.000000e+00  0.000000e+00  0.000000e+00 -1.829793e-17  0.000000e+00  2.812390e-16  0.000000e+00 -2.446431e-16  0.000000e+00  2.600409e-16  0.000000e+00 -2.645182e-16  0.000000e+00  7.356325e-17  0.000000e+00 -2.032278e-16  0.000000e+00  5.432818e-16  0.000000e+00 -3.313351e-16  0.000000e+00  0.000000e+00  0.000000e+00 -1.424552e-17  0.000000e+00  0.000000e+00  0.000000e+00  0.000000e+00  0.000000e+00  4.177421e-05 
 1.000000e-01  1.966994e-06  1.000000e-01 -1.966994e-06  1.000000e-01  0.000000e+00  1.000000e-01  1.000190e-13  1.000000e-01  8.761859e-17  1.000000e-01  2.753710e-16  1.000000e-01 -3.481150e-16  1.000000e-01  1.077663e-17  1.000000e-01 -1.538809e-16  1.000000e-01  1.833898e-16  1.000000e-01 -7.044979e-18  1.000000e-01  4.602108e-16  1.000000e-01 -4.235596e-16  1.000000e-01 -1.000190e-13  1.000000e-01 -9.057124e-17  1.000000e-01  0.000000e+00  1.000000e-01  3.834513e-05  1.000000e-01  5.683424e-06 
 2.000000e-01  2.322025e-06  2.000000e-01 -2.322025e-06  2.000000e-01  0.000000e+00  2.000000e-01  2.000194e-13  2.000000e-01  1.830544e-16  2.000000e-01  2.751186e-16  2.000000e-01 -4.434029e-16  2.000000e-01  1.447541e-18  2.000000e-01 -1.445371e-16  2.000000e-01  1.808300e-16  2.000000e-01 -5.250142e-19  2.000000e-01  4.539815e-16  2.000000e-01 -4.221446e-16  2.000000e-01 -2.000194e-13  2.000000e-01 -9.655324e-17  2.000000e-01  0.000000e+00  2.000000e-01  4.625082e-05  2.000000e-01  2.688740e-06 
 3.000000e-01  2.564358e-06  3.000000e-01 -2.564358e-06  3.000000e-01  0.000000e+00  3.000000e-01  3.000194e-13  3.000000e-01  2.754236e-16  3.000000e-01  2.751163e-16  3.000000e-01 -5.357575e-16  3.000000e-01  2.675149e-19  3.000000e-01 -1.428402e-16  3.000000e-01  1.798256e-16  3.000000e-01  2.767262e-19  3.000000e-01  4.530605e-16  3.000000e-01 -4.217160e-16  3.000000e-01 -3.000194e-13  3.000000e-01 -9.767478e-17  3.000000e-01  0.000000e+00  3.000000e-01  5.072291e-05  3.000000e-01  2.229260e-06 
 4.000000e-01  2.775330e-06  4.000000e-01 -2.775330e-06  4.000000e-01  0.000000e+00  4.000000e-01  4.000194e-13  4.000000e-01  3.653044e-16  4.000000e-01  2.751562e-16  4.000000e-01 -6.256473e-16  4.000000e-01 -3.811761e-20  4.000000e-01 -1.423374e-16  4.000000e-01  1.794652e-16  4.000000e-01  4.823005e-19  4.000000e-01  4.529474e-16  4.000000e-01 -4.217128e-16  4.000000e-01 -4.000194e-13  4.000000e-01 -9.805575e-17  4.000000e-01  0.000000e+00  4.000000e-01  5.438042e-05  4.000000e-01  2.011357e-06 
 5.000000e-01  2.969512e-06  5.000000e-01 -2.969512e-06  5.000000e-01  0.000000e+00  5.000000e-01  5.000194e-13  5.000000e-01  4.529720e-16  5.000000e-01  2.752087e-16  5.000000e-01 -7.133314e-16  5.000000e-01 -1.501967e-19  5.000000e-01 -1.421748e-16  5.000000e-01  1.793441e-16  5.000000e-01  5.574745e-19  5.000000e-01  4.530614e-16  5.000000e-01 -4.218665e-16  5.000000e-01 -5.000194e-13  5.000000e-01 -9.822783e-17  5.000000e-01  0.000000e+00  5.000000e-01  5.760664e-05  5.000000e-01  1.882296e-06 
 6.000000e-01  3.153283e-06  6.000000e-01 -3.153284e-06  6.000000e-01  0.000000e+00  6.000000e-01  6.000194e-13  6.000000e-01  5.386336e-16  6.000000e-01  2.752664e-16  6.000000e-01 -7.990125e-16  6.000000e-01 -2.006708e-19  6.000000e-01 -1.421434e-16  6.000000e-01  1.793286e-16  6.000000e-01  5.914193e-19  6.000000e-01  4.532620e-16  6.000000e-01 -4.220886e-16  6.000000e-01 -6.000194e-13  6.000000e-01 -9.831959e-17  6.000000e-01  0.000000e+00  6.000000e-01  6.056039e-05  6.000000e-01  1.798758e-06 
 7.000000e-01  3.330146e-06  7.000000e-01 -3.330146e-06  7.000000e-01  0.000000e+00  7.000000e-01  7.000194e-13  7.000000e-01  6.224604e-16  7.000000e-01  2.753265e-16  7.000000e-01 -8.828602e-16  7.000000e-01 -2.267276e-19  7.000000e-01 -1.421728e-16  7.000000e-01  1.793661e-16  7.000000e-01  6.090919e-19  7.000000e-01  4.535021e-16  7.000000e-01 -4.223444e-16  7.000000e-01 -7.000194e-13  7.000000e-01 -9.837414e-17  7.000000e-01  0.000000e+00  7.000000e-01  6.332710e-05  7.000000e-01  1.741960e-06 
 8.000000e-01  3.502239e-06  8.000000e-01 -3.502240e-06  8.000000e-01  0.000000e+00  8.000000e-01  8.000194e-13  8.000000e-01  7.045985e-16  8.000000e-01  2.753879e-16  8.000000e-01 -9.650200e-16  8.000000e-01 -2.415667e-19  8.000000e-01 -1.422341e-16  8.000000e-01  1.794330e-16  8.000000e-01  6.193105e-19  8.000000e-01  4.537625e-16  8.000000e-01 -4.226182e-16  8.000000e-01 -8.000194e-13  8.000000e-01 -9.840917e-17  8.000000e-01  0.000000e+00  8.000000e-01  6.595853e-05  8.000000e-01  1.702206e-06 
 9.000000e-01  3.670968e-06  9.000000e-01 -3.670969e-06  9.000000e-01  0.000000e+00  9.000000e-01  9.000194e-13  9.000000e-01  7.851742e-16  9.000000e-01  2.754502e-16  9.000000e-01 -1.045618e-15  9.000000e-01 -2.506730e-19  9.000000e-01 -1.423134e-16  9.000000e-01  1.795172e-16  9.000000e-01  6.257274e-19  9.000000e-01  4.540339e-16  9.000000e-01 -4.229023e-16  9.000000e-01 -9.000194e-13  9.000000e-01 -9.843301e-17  9.000000e-01  0.000000e+00  9.000000e-01  6.848842e-05  9.000000e-01  1.673962e-06 
 1.000000e+00  3.837304e-06  1.000000e+00 -3.837305e-06  1.000000e+00  0.000000e+00  1.000000e+00  1.000019e-12  1.000000e+00  8.642982e-16  1.000000e+00  2.755130e-16  1.000000e+00 -1.124764e-15  1.000000e+00 -2.566033e-19  1.000000e+00 -1.424037e-16  1.000000e+00  1.796122e-16  1.000000e+00  6.300412e-19  1.000000e+00  4.543118e-16  1.000000e+00 -4.231922e-16  1.000000e+00 -1.000019e-12  1.000000e+00 -9.844999e-17  1.000000e+00  0.000000e+00  1.000000e+00  7.093999e-05  1.000000e+00  1.653928e-06 
